
Image shape:  (375, 1242, 3)
[[         -1          -1          -1 ...       41.25       41.25       41.25]
 [         -1          -1          -1 ...      41.375      41.375      41.375]
 [         -1          -1          -1 ...      41.812      41.875      41.875]
 ...
 [         -1          -1          -1 ...      66.062      65.938      65.875]
 [         -1          -1          -1 ...      66.062      65.938      65.938]
 [         -1          -1          -1 ...      66.125          66      65.938]]

Disparity map shape:  (375, 1242)
Text file at index 13:
P0: 7.215377000000e+02 0.000000000000e+00 6.095593000000e+02 0.000000000000e+00 0.000000000000e+00 7.215377000000e+02 1.728540000000e+02 0.000000000000e+00 0.000000000000e+00 0.000000000000e+00 1.000000000000e+00 0.000000000000e+00
P1: 7.215377000000e+02 0.000000000000e+00 6.095593000000e+02 -3.875744000000e+02 0.000000000000e+00 7.215377000000e+02 1.728540000000e+02 0.000000000000e+00 0.000000000000e+00 0.000000000000e+00 1.000000000000e+00 0.000000000000e+00
P2: 7.215377000000e+02 0.000000000000e+00 6.095593000000e+02 4.485728000000e+01 0.000000000000e+00 7.215377000000e+02 1.728540000000e+02 2.163791000000e-01 0.000000000000e+00 0.000000000000e+00 1.000000000000e+00 2.745884000000e-03
P3: 7.215377000000e+02 0.000000000000e+00 6.095593000000e+02 -3.395242000000e+02 0.000000000000e+00 7.215377000000e+02 1.728540000000e+02 2.199936000000e+00 0.000000000000e+00 0.000000000000e+00 1.000000000000e+00 2.729905000000e-03
R0_rect: 9.999239000000e-01 9.837760000000e-03 -7.445048000000e-03 -9.869795000000e-03 9.999421000000e-01 -4.278459000000e-03 7.402527000000e-03 4.351614000000e-03 9.999631000000e-01
Tr_velo_to_cam: 7.533745000000e-03 -9.999714000000e-01 -6.166020000000e-04 -4.069766000000e-03 1.480249000000e-02 7.280733000000e-04 -9.998902000000e-01 -7.631618000000e-02 9.998621000000e-01 7.523790000000e-03 1.480755000000e-02 -2.717806000000e-01
Tr_imu_to_velo: 9.999976000000e-01 7.553071000000e-04 -2.035826000000e-03 -8.086759000000e-01 -7.854027000000e-04 9.998898000000e-01 -1.482298000000e-02 3.195559000000e-01 2.024406000000e-03 1.482454000000e-02 9.998881000000e-01 -7.997231000000e-01


Text file at index 13:
Car 0.00 0 1.74 455.70 183.86 533.81 241.91 1.45 1.56 3.47 -3.16 1.77 20.13 1.59
DontCare -1 -1 -10 574.15 164.60 600.23 189.64 -1 -1 -1 -1000 -1000 -1000 -10


Left P Matrix
[[     721.54           0      609.56      44.857]
 [          0      721.54      172.85     0.21638]
 [          0           0           1   0.0027459]]

Right P Matrix
[[     721.54           0      609.56     -339.52]
 [          0      721.54      172.85      2.1999]
 [          0           0           1   0.0027299]]

RO to Rect Matrix
[[    0.99992   0.0098378   -0.007445]
 [ -0.0098698     0.99994  -0.0042785]
 [  0.0074025   0.0043516     0.99996]]

Velodyne to Camera Matrix
[[  0.0075337    -0.99997  -0.0006166  -0.0040698]
 [   0.014802  0.00072807    -0.99989   -0.076316]
 [    0.99986   0.0075238    0.014808    -0.27178]]

IMU to Velodyne Matrix
[[          1  0.00075531  -0.0020358    -0.80868]
 [ -0.0007854     0.99989   -0.014823     0.31956]
 [  0.0020244    0.014825     0.99989    -0.79972]]

Camera Matrix Left:
[[     721.54           0      609.56]
 [          0      721.54      172.85]
 [          0           0           1]]

Rotation Matrix Left:
[[          1           0           0]
 [          0           1           0]
 [          0           0           1]]

Translation Vector Left:
[[  -0.059849]
 [ 0.00035793]
 [ -0.0027459]
 [          1]]

Camera Matrix Right:
[[     721.54           0      609.56]
 [          0      721.54      172.85]
 [          0           0           1]]

Rotation Matrix Right:
[[          1           0           0]
 [          0           1           0]
 [          0           0           1]]

Translation Vector Right:
[[    0.47286]
 [  -0.002395]
 [ -0.0027299]
 [          1]]

Focal Length (x-direction): 721.5377

Focal Length (y-direction): 721.5377

Baseline: [    0.53271] 

Depth Map:  [[     3843.7      3843.7      3843.7 ...      9.3181      9.3181      9.3181]
 [     3843.7      3843.7      3843.7 ...        9.29        9.29        9.29]
 [     3843.7      3843.7      3843.7 ...      9.1927       9.179       9.179]
 ...
 [     3843.7      3843.7      3843.7 ...      5.8183      5.8293      5.8349]
 [     3843.7      3843.7      3843.7 ...      5.8183      5.8293      5.8293]
 [     3843.7      3843.7      3843.7 ...      5.8128      5.8238      5.8293]]

Depth map shape:  (375, 1242)

Depth map distance:  54.910244  m
{0: 'person', 1: 'bicycle', 2: 'car', 3: 'motorcycle', 4: 'airplane', 5: 'bus', 6: 'train', 7: 'truck', 8: 'boat', 9: 'traffic light', 10: 'fire hydrant', 11: 'stop sign', 12: 'parking meter', 13: 'bench', 14: 'bird', 15: 'cat', 16: 'dog', 17: 'horse', 18: 'sheep', 19: 'cow', 20: 'elephant', 21: 'bear', 22: 'zebra', 23: 'giraffe', 24: 'backpack', 25: 'umbrella', 26: 'handbag', 27: 'tie', 28: 'suitcase', 29: 'frisbee', 30: 'skis', 31: 'snowboard', 32: 'sports ball', 33: 'kite', 34: 'baseball bat', 35: 'baseball glove', 36: 'skateboard', 37: 'surfboard', 38: 'tennis racket', 39: 'bottle', 40: 'wine glass', 41: 'cup', 42: 'fork', 43: 'knife', 44: 'spoon', 45: 'bowl', 46: 'banana', 47: 'apple', 48: 'sandwich', 49: 'orange', 50: 'broccoli', 51: 'carrot', 52: 'hot dog', 53: 'pizza', 54: 'donut', 55: 'cake', 56: 'chair', 57: 'couch', 58: 'potted plant', 59: 'bed', 60: 'dining table', 61: 'toilet', 62: 'tv', 63: 'laptop', 64: 'mouse', 65: 'remote', 66: 'keyboard', 67: 'cell phone', 68: 'microwave', 69: 'oven', 70: 'toaster', 71: 'sink', 72: 'refrigerator', 73: 'book', 74: 'clock', 75: 'vase', 76: 'scissors', 77: 'teddy bear', 78: 'hair drier', 79: 'toothbrush'}

0: 224x640 1 car, 1 truck, 330.7ms
Speed: 2.0ms preprocess, 330.7ms inference, 2.0ms postprocess per image at shape (1, 3, 224, 640)
Calculated distance: 19.523642
Object Type: Car
Truncated: 0.0
Occluded: 0
Alpha: 1.74
Bounding Box: [455.7, 183.86, 533.81, 241.91]
Dimensions: [1.45, 1.56, 3.47]
Location: [-3.16, 1.77, 20.13]
True Distance: 20.13
Rotation Y: 1.59
------------------------